function EBYE = EB_yaw_ephys_data


% Experiment
% stim_id, time_start, time_end

EBYE.Lex_6f_60D05_Gal4_P2X2_PEN1_recomb_15_181022_sid_0.stims_to_include = ...
    [ 12, 0, 4; ... 
      13, 0, 4; ... 
      14, 0, 3 ];

EBYE.Lex_6f_60D05_Gal4_P2X2_PEN1_recomb_15_181022_sid_1.stims_to_include = ...
    [ 6, 0, 3; ... 
      9, 0, 4; ... 
      11, 0, 3; ... 
      12, 0, 6; ... 
      13, 0, 4; ... 
      14, 0, 4; ... 
      16, 0, 3; ... 
      17, 0, 6 ];

  % This are stimulations where the bump jumped and clearly returned. The
  % times are the moments right before a large counter turn velocity
  % change.
EBYE.Lex_6f_60D05_Gal4_P2X2_PEN1_recomb_16_181203_cbr_down = [ 1, 3.3225; ...
                     3, 2.518; ... 
                     5, 3.244; ...
                     6, 1.792; ...
                     8, 2.115; ...
                     10, 1.792; ...
                     11, 1.792; ...
                     12, 1.631; ...
                     13, 4.616; ...
                     14, 1.631; ...
                     15, 1.953; ...
                     16, 1.711; ...
                     18, 1.711; ...
                     20, 1.873; ...
                     21, 1.792; ...
                     24, 1.792; ...
                     25, 1.953; ...
                     26, 1.631 ];

  
EBYE.Lex_6f_60D05_Gal4_P2X2_PEN1_recomb_16_181203.stims_to_include = ...
    [ 1, 0, 5.0; ... % 1
      2, 0, 6.0; ... 
      3, 0, 4.0; ... 
      4, 0, 5.0; ... 
      5, 0, 5; ... % 5
      6, 0, 5; ... 
      7, 0, 3; ... 
      10, 0, 3; ... 
      11, 0, 7; ... 
      12, 0.33, 5.58; ... % 10
      17, 0, 5; ... 
      18, 0, 4; ... 
      23, 0, 7; ... 
      24, 0, 8; ... 
      27, 0, 4; ... % 15
      28, 0, 3; ... 
      29, 0.33, 7; ... 
      30, 0.5, 3; ... 
      31, 0, 6; ... 
      33, 0.66, 4; ... % 20 
      35, 0, 4; ... 
      36, 0, 6; ... 
      37, 0, 6; ... 
      38, 0, 2.7; ... 
      40, 0.33, 4; ... % 25
      41, 0.33, 3; ... 
      42, 0.33, 8; ... 
      43, 0, 6; ... 
      44, 0.33, 4; ... 
      48, 0.42, 3; ... % 30
      59, 0,4; ... 
      60, 0.33, 4.77; ... 
      63, 0, 4; ... 
      64, 0.33, 5 ];
      
EBYE.Lex_6f_60D05_Gal4_P2X2_PEN1_recomb_17_181205_cbr_down = ...
[ 10, 2.20; ...
13, 1.71; ...
14, 1.79; ...
16, 1.79; ...
19, 1.71; ...
20, 1.71; ...
32, 1.79; ...
33, 1.71; ...
36, 1.55; ...
39, 1.87; ...
40, 1.87; ...
42, 1.63; ...
43, 1.47; ...
44, 1.63; ...
52, 1.63; ...
53, 1.71; ... 
55, 1.23 ];

EBYE.Lex_6f_60D05_Gal4_P2X2_PEN1_recomb_17_181205_cbr_up = ...
  [ 2, 4.86; ...
    3, 2.44; ...
    4, 4.21; ...
    5, 3.24; ...
    6, 1.39; ...
    7, 4.37; ...
    9, 1.39; ...
    11, 1.63; ...
    12, 3.33; ...
    15, 1.95; ...
    17, 2.28; ...
    18, 1.39; ...  
    22, 1.71; ...
    23, 1.79; ...
    24, 3.65; ...
    25, 2.03; ...
    26, 2.76; ...
    27, 1.55; ...
    29, 1.71; ...  
    31, 2.03; ...
    34, 1.71; ...
    37, 1.87; ...
    38, 1.55; ...
    41, 1.15; ...
    45, 1.23; ...
    46, 1.95 ];
  
EBYE.Lex_6f_60D05_Gal4_P2X2_PEN1_recomb_17_181205.stims_to_include = ...
    [ 1 , 0,4.0; ... 
      2 , 0,6.0; ... 
      3 , 0,4.0; ... 
      4 , 0,5.0; ... 
      5 , 0,4.0; ... 
      6 , 0,2.43; ... 
      7 , 0,6; ... 
      8 , 0, 3; ... 
      9 , 0,3.5; ... 
      10 , 0,6; ... 
      11 , 0,3; ... 
      12 , 0,5; ... 
      13 , 0,6; ... 
      14 , 0,5; ... 
      16 , 0,3; ... 
      17 , 0,4; ... 
      18 , 0,2.84; ... 
      19 , 0,3.5; ... 
      20 , 0,5.0; ... 
      21 , 0,5.0; ... 
      22 , 0,2; ... 
      23 , 0,3; ... 
      24 , 0,3; ... 
      25 , 0,5; ... 
      26 , 0,3; ... 
      27 , 0,3.25; ... 
      28 , 0,3.0; ... 
      29 , 0,2.76; ... 
      30 , 0,2.44; ... 
      31 , 0,4; ... 
      32 , 0,3.24; ... 
      33 , 0,4; ... 
      34 , 0,6; ... 
      35 , 0,2.52; ... 
      36 , 0,5; ... 
      37 , 0,4; ... 
      38 , 0,3; ... 
      39 , 0,3; ... 
      40 , 0,6; ... 
      41 , 0,4; ... 
      42 , 0,2; ... 
      43 , 0,4; ... 
      44 , 0,4; ... 
      45 , 0,5; ... 
      46 , 0,4; ... 
      47 , 0,3; ... 
      48 , 0,3; ... 
      49 , 0,2.1; ... 
      50 , 0,3; ... 
      52 , 0,2; ... 
      53 , 0,3; ... 
      54 , 0,3; ... 
      55 , 0,3; ... 
      56 , 0,4; ... 
      57 , 0,4; ... 
      60 , 0,5; ... 
      61 , 0,5; ... 
      62 , 0,3; ... 
      63 , 0,3; ... 
      64 , 0,4; ... 
      65 , 0,3; ... 
      68 , 0,3; ... 
      69 , 0,2; ... 
      70 , 0,3; ... 
      75 , 0,3 ];


EBYE.Lex_6f_60D05_Gal4_P2X2_PEN1_recomb_18_181211.stims_to_include = ...
    [ 4,  0, 4; ... 
      8,  0, 4; ... 
      16, 0, 2; ... 
      18, 0, 2; ... 
      19, 0, 2; ... 
      20, 0, 2; ... 
      22, 0, 2; ... 
      23, 0, 2; ... 
      24, 0, 2; ... 
      25, 0, 2; ... 
      26, 0, 2; ... 
      27, 0, 2 ];
  
EBYE.Lex_6f_60D05_Gal4_P2X2_PEN1_recomb_18_181211_cbr_down = ...
    [ 3, 1.31; ...
      4, 1.15; ...
      5, 1.07; ...
      6, 1.50; ...
      7, 1.07; ...
      8, 0.74; ...
      9, 1.31; ...
     10, 1.31; ...
     12, 1.15 ];

 
EBYE.Lex_6f_60D05_Gal4_P2X2_PEN1_recomb_19_190131.stims_to_include = ...
    [ 1, 0, 5; ...
    6, 0, 3; ...
    8, 0, 5; ...
    11, 0, 5; ...
    12, 0, 5; ...
    13, 0, 5; ...
    14, 0, 4; ...
    16, 0, 4; ...
    21, 0, 6; ...
    22, 0, 4; ...
    23, 0, 6; ...
    24, 0, 6; ...
    26, 0, 3.5; ...
    29, 0, 2.5; ...
    36, 0, 4; ...
    37, 0, 2.5; ...
    43, 0, 4; ...
    44, 0, 4; ...
    47, 0, 5; ...
    52, 0, 5; ...
    53, 0, 3; ...
    72, 0, 5; ...
    76, 0, 4; ...
    78, 0, 3; ...
    80, 0, 3; ...
    94, 0, 5 ];
    
EBYE.Lex_6f_60D05_Gal4_P2X2_PEN1_recomb_19_190131_cbr_up = ...
[ 1, 2.6; ...
 2, 1.71; ...
 3, 3.24; ...
 7, 2.68; ...
 10, 1.79; ...
 13, 1.95; ...
 14, 1.23; ...
 16, 0.99; ...
 21, 1.31; ...
 23, 1.63; ...
 24, 1.87; ...
 25, 1.55; ...
 26, 1.71 ];

EBYE.Lex_6f_60D05_Gal4_P2X2_PEN1_recomb_19_190131_cbr_down = ...
[ 4, 3.73; ...
 5, 1.79; ...
 6, 2.03; ...
 8, 1.95; ...
 9, 2.52; ...
 12, 1.31; ...
 15, 2.03 ];

EBYE.Lex_6f_60D05_Gal4_P2X2_PEN1_recomb_22_190204.stims_to_include = ...
    [ 1, 0, 6; ...
    3, 0, 3; ...
    11, 0, 5; ...
    12, 0, 3; ...
    16, 0, 6; ...
    30, 0, 4; ...
    31, 0, 2; ...
    36, 0, 3; ];

EBYE.Lex_6f_60D05_Gal4_P2X2_PEN1_recomb_22_190204_cbr_up = ...
[ 1, 3.8; ...
  3, 2.36; ];

EBYE.Lex_6f_60D05_Gal4_P2X2_PEN1_recomb_22_190204_cbr_down = ...
[ 2, 1.79; ...
  4, 1.63; ...
  6, 2.52; ...
  7, 1.23; ...
  8, 1.23; ];


EBYE.Lex_6f_60D05_Gal4_P2X2_PEN1_recomb_23_190205.stims_to_include = ...
[ 4 ,0, 5; ...
5 ,0, 7; ...
7 ,0, 5; ...
8 ,0, 6; ...
11 ,0, 3; ...
14 ,0,3; ... 
16 ,0, 4; ...
19 ,0, 4; ...
22 ,0, 5; ...
26 ,0, 4; ...
40 ,0, 4; ...
41 ,0, 5 ];

EBYE.Lex_6f_60D05_Gal4_P2X2_PEN1_recomb_23_190205_cbr_up = ...
    [ 1, 3.08; ...
    2, 4.70; ...
    3, 2.52; ...
    5, 1.39; ...
    6, 1.71 ];

EBYE.Lex_6f_60D05_Gal4_P2X2_PEN1_recomb_23_190205_cbr_down = ...
    [ 4, 4.94; ...
    7, 2.20; ...
    8, 2.20; ...
    9, 3.16; ...
    10, 1.71; ...
    11, 1.87; ...
    12, 3.73 ];


% Controls
EBYE.Lex_6f_60D05_Gal4_P2X2_control_01_181206.stims_to_include = [];


end