function EBYE = EB_yaw_ephys_data


% Experiment
% stim_id, time_start, time_end

EBYE.Lex_6f_60D05_Gal4_P2X2_PEN1_recomb_15_181022_sid_0.stims_to_include = ...
    [ 12, 0, 4; ... 
      13, 0, 4; ... 
      14, 0, 3 ];

EBYE.Lex_6f_60D05_Gal4_P2X2_PEN1_recomb_15_181022_sid_1.stims_to_include = ...
    [ 6, 0, 3; ... 
      9, 0, 4; ... 
      11, 0, 3; ... 
      12, 0, 6; ... 
      13, 0, 4; ... 
      14, 0, 4; ... 
      16, 0, 3; ... 
      17, 0, 6 ];

EBYE.Lex_6f_60D05_Gal4_P2X2_PEN1_recomb_16_181203.stims_to_include = ...
    [ 1, 0, 5.0; ... 
      2, 0, 6.0; ... 
      3, 0, 4.0; ... 
      4, 0, 5.0; ... 
      5, 0, 5; ... 
      6, 0, 5; ... 
      7, 0, 3; ... 
      10, 0, 3; ... 
      11, 0, 7; ... 
      12, 0.33, 5.58; ... 
      17, 0, 5; ... 
      18, 0, 4; ... 
      23, 0, 7; ... 
      24, 0, 8; ... 
      27, 0, 4; ... 
      28, 0, 3; ... 
      29, 0.33, 7; ... 
      30, 0.5, 3; ... 
      31, 0, 6; ... 
      33, 0.66, 4; ... 
      35, 0, 4; ... 
      36, 0, 6; ... 
      37, 0, 6; ... 
      38, 0, 2.7; ... 
      40, 0.33, 4; ... 
      41, 0.33, 3; ... 
      42, 0.33, 8; ... 
      43, 0, 6; ... 
      44, 0.33, 4; ... 
      48, 0.42, 3; ... 
      59, 0,4; ... 
      60, 0.33, 4.77; ... 
      63, 0, 4; ... 
      64, 0.33, 5 ];
      
EBYE.Lex_6f_60D05_Gal4_P2X2_PEN1_recomb_17_181205.stims_to_include = ...
    [ 1 , 0,4.0; ... 
      2 , 0,6.0; ... 
      3 , 0,4.0; ... 
      4 , 0,5.0; ... 
      5 , 0,4.0; ... 
      6 , 0,2.43; ... 
      7 , 0,6; ... 
      8 , 0, 3; ... 
      9 , 0,3.5; ... 
      10 , 0,6; ... 
      11 , 0,3; ... 
      12 , 0,5; ... 
      13 , 0,6; ... 
      14 , 0,5; ... 
      16 , 0,3; ... 
      17 , 0,4; ... 
      18 , 0,2.84; ... 
      19 , 0,3.5; ... 
      20 , 0,5.0; ... 
      21 , 0,5.0; ... 
      22 , 0,2; ... 
      23 , 0,3; ... 
      24 , 0,3; ... 
      25 , 0,5; ... 
      26 , 0,3; ... 
      27 , 0,3.25; ... 
      28 , 0,3.0; ... 
      29 , 0,2.76; ... 
      30 , 0,2.44; ... 
      31 , 0,4; ... 
      32 , 0,3.24; ... 
      33 , 0,4; ... 
      34 , 0,6; ... 
      35 , 0,2.52; ... 
      36 , 0,5; ... 
      37 , 0,4; ... 
      38 , 0,3; ... 
      39 , 0,3; ... 
      40 , 0,6; ... 
      41 , 0,4; ... 
      42 , 0,2; ... 
      43 , 0,4; ... 
      44 , 0,4; ... 
      45 , 0,5; ... 
      46 , 0,4; ... 
      47 , 0,3; ... 
      48 , 0,3; ... 
      49 , 0,2.1; ... 
      50 , 0,3; ... 
      52 , 0,2; ... 
      53 , 0,3; ... 
      54 , 0,3; ... 
      55 , 0,3; ... 
      56 , 0,4; ... 
      57 , 0,4; ... 
      60 , 0,5; ... 
      61 , 0,5; ... 
      62 , 0,3; ... 
      63 , 0,3; ... 
      64 , 0,4; ... 
      65 , 0,3; ... 
      68 , 0,3; ... 
      69 , 0,2; ... 
      70 , 0,3; ... 
      75 , 0,3 ];


EBYE.Lex_6f_60D05_Gal4_P2X2_PEN1_recomb_18_181211.stims_to_include = ...
    [ 4,  0, 4; ... 
      8,  0, 4; ... 
      16, 0, 2; ... 
      18, 0, 2; ... 
      19, 0, 2; ... 
      20, 0, 2; ... 
      22, 0, 2; ... 
      23, 0, 2; ... 
      24, 0, 2; ... 
      25, 0, 2; ... 
      26, 0, 2; ... 
      27, 0, 2 ];

% Controls
EBYE.Lex_6f_60D05_Gal4_P2X2_control_01_181206.stims_to_include = [];


end